# hello

1+1

2+1

a <- c(1,0,8,34)
b <- c(2,4,6,8)